72
20
43
63
25
90
18
15
19
25
3
85
92
1
21
18
73
24
7
89
6
95
34
3
91
4
94
30
35
2
77
95
61
54
47
87
65
27
71
32
77
90
21
37
70
34
98
4
29
64
71
14
31
81
35
17
71
22
2
35
56
31
74
10
57
45
75
72
80
21
57
57
53
49
18
62
20
10
81
12
20
26
88
21
60
92
88
32
22
57
89
47
51
58
88
72
84
77
84
64
73
47
61
71
57
49
28
82
30
63
57
66
19
32
17
30
92
72
23
51
99
26
86
89
62
14
75
6
69
56
46
57
99
68
80
95
8
25
78
32
32
24
81
72
28
69
87
17
69
60
27
45
30
1
9
4
70
68
28
40
52
52
68
26
6
81
44
91
17
81
48
20
38
2
21
2
24
52
37
88
98
76
34
95
27
19
37
65
69
100
53
37
30
76
89
1
99
37
2
54
43
68
77
87
55
20
2
91
1
85
81
11
2
40
82
1
37
37
87
46
96
64
87
99
97
12
44
7
56
23
56
57
50
20
31
47
85
7
54
80
72
67
68
31
1
48
51
4
82
32
21
55
42
53
74
67
87
41
80
71
73
65
26
43
83
7
57
48
8
46
20
85
96
23
28
64
86
85
11
18
7
94
92
22
98
22
89
14
83
51
74
59
15
71
85
95
15
68
98
66
36
60
17
90
62
30
18
57
59
4
20
86
77
1
64
1
27
21
84
36
91
14
6
6
33
43
26
65
5
65
43
5
47
70
54
5
90
71
15
42
45
47
24
8
65
17
64
72
64
72
94
99
84
7
93
34
41
97
10
94
84
58
52
17
1
79
98
86
75
26
23
22
26
88
1
56
4
48
75
2
53
97
28
79
14
93
49
71
4
44
70
3
84
14
85
59
56
44
90
73
11
59
11
73
33
56
52
55
12
27
68
8
19
91
76
1
61
81
79
6
33
32
24
55
67
14
14
94
28
15
10
59
49
76
68
38
48
91
11
88
16
69
52
40
64
14
48
44
56
82
75
62
83
97
32
31
88
36
6
51
24
95
54
98
95
55
85
71
78
79
93
3
79
28
26
95
100
50
67
43
38
50
52
63
85
69
93
89
2
51
89
53
2
32
56
88
8
85
9
23
16
33
23
46
2
56
17
44
33
69
92
93
61
46
16
69
94
62
53
40
71
20
86
82
67
17
39
51
39
45
80
56
73
88
11
72
94
45
63
61
32
38
56
64
92
58
12
65
78
39
51
79
11
45
24
37
78
81
78
80
81
73
58
74
19
47
13
42
15
23
19
20
6
37
38
19
84
70
99
6
77
53
96
18
5
78
17
42
33
67
71
68
57
20
100
60
27
79
74
70
63
43
5
19
96
50
13
62
15
12
80
53
75
64
47
47
5
42
83
30
100
94
21
92
87
97
68
97
12
22
96
45
75
70
69
99
58
45
90
66
81
75
75
93
2
35
41
6
47
33
64
87
83
81
66
15
83
98
22
22
69
5
80
21
25
56
14
11
97
23
6
89
89
39
21
18
55
71
26
67
47
65
87
72
11
69
87
49
63
25
97
38
62
11
92
38
76
77
32
28
41
67
40
69
8
33
57
65
10
25
40
94
15
11
53
39
63
27
74
89
33
12
25
29
62
1
55
64
29
3
48
27
32
22
31
9
63
20
96
18
29
7
20
70
92
15
54
86
10
25
83
18
24
73
13
51
94
49
88
25
46
95
43
42
77
3
98
92
74
20
30
27
3
23
21
57
36
63
74
54
35
6
59
40
29
77
95
32
43
76
46
90
92
74
93
31
76
36
28
85
38
91
43
64
24
67
13
30
32
15
27
11
61
55
97
84
3
45
4
62
70
51
10
56
97
54
58
60
72
32
43
84
100
93
27
62
28
88
35
85
78
99
62
66
73
91
11
80
10
14
62
81
44
14
55
67
2
33
41
23
2
63
53
91
37
66
31
78
73
81
2
47
3
78
30
41
28
29
19
59
98
22
88
12
68
71
95
98
90
42
51
16
83
55
65
48
48
70
55
100
64
49
64
15
2
67
97
41
13
56
55
33
2
52
27
10
16
87
69
11
59
26
1
41
4
26
15
86
70
63
21
84
71
34
11
15
74
2
12
20
2
80
67
50
3
25
69
82
85
7
64
19
54
98
22
100
43
10
68
40
81
84
49
86
59
31
17
5
88
53
99
50
71
54
45
88
14
73
38
56
92
37
52
42
16
100
5
58
18
7
23
7
30
45
3
6
6
65
75
37
