68
14
56
58
80
94
24
79
60
79
91
67
10
65
22
61
13
88
96
22
68
15
27
98
35
2
28
5
1
30
86
45
30
54
54
73
100
49
68
86
43
31
58
6
78
54
82
92
68
75
64
69
46
51
28
98
78
85
87
29
55
95
80
32
40
84
7
19
55
93
24
94
46
50
24
10
85
67
33
30
69
78
63
77
24
27
16
89
90
50
27
18
87
92
72
41
19
65
21
70
58
30
65
87
35
10
71
71
69
38
20
37
27
71
13
62
64
91
29
4
40
27
85
90
76
62
11
26
76
41
49
19
8
41
1
95
55
90
90
94
9
61
38
5
8
43
66
8
87
29
79
9
17
30
74
5
91
88
94
8
32
34
59
35
16
65
90
13
54
61
72
64
9
54
36
70
46
63
100
100
11
14
56
65
67
41
35
92
52
4
13
84
23
6
57
56
30
9
37
53
17
97
66
67
90
79
96
29
47
83
13
2
80
27
90
4
45
85
16
49
43
49
66
37
8
62
98
16
24
98
32
98
95
93
54
36
41
86
40
7
18
7
57
6
87
18
100
62
32
89
78
23
71
54
55
3
9
4
11
49
53
97
70
80
90
51
48
45
42
98
5
37
45
47
46
38
64
24
77
63
83
63
64
87
98
13
56
98
82
98
7
59
74
69
95
16
51
5
9
13
72
45
15
45
19
13
56
81
77
61
19
27
67
99
70
82
24
47
42
16
51
90
22
54
6
39
25
99
7
84
52
11
60
9
67
52
79
56
31
62
78
22
1
65
58
97
72
70
55
49
54
81
68
57
69
3
48
97
45
61
94
12
22
81
20
41
93
72
80
94
52
84
85
21
15
70
6
49
82
38
84
98
71
66
9
42
22
35
38
78
81
24
80
10
37
43
84
61
44
18
13
39
15
46
37
53
16
44
5
100
56
61
58
60
12
36
48
76
65
44
23
6
14
34
86
14
26
100
34
37
50
93
53
90
75
10
75
67
48
29
75
74
91
68
47
45
23
64
85
89
28
83
47
82
78
56
33
4
89
9
34
87
88
86
54
40
21
53
58
52
48
91
8
89
24
20
13
92
25
77
44
35
59
53
31
34
41
92
48
47
19
39
28
73
1
48
37
54
28
56
