1
82
16
30
56
43
84
95
48
36
65
54
58
97
71
15
38
38
11
69
88
36
72
33
81
2
56
96
87
5
78
61
4
18
78
83
24
25
12
79
53
76
41
23
26
8
62
50
1
11
81
2
62
1
22
38
23
34
95
31
59
8
51
63
79
88
76
11
21
21
37
66
56
34
41
26
98
86
59
99
21
12
15
94
24
87
93
68
86
11
82
92
92
57
49
86
15
50
96
72
20
16
92
53
56
22
43
41
30
76
97
1
54
62
86
96
11
31
82
60
89
15
18
1
76
9
86
69
6
75
71
22
72
39
12
37
53
6
4
80
95
52
63
12
91
69
72
90
48
94
92
21
23
11
52
23
93
67
29
82
54
4
26
52
39
91
20
36
88
7
50
47
88
18
28
56
38
59
27
67
55
5
18
97
79
59
12
12
41
4
83
32
71
8
31
52
5
29
84
67
45
76
41
68
8
11
87
4
86
8
54
14
74
87
57
15
72
21
39
15
47
62
99
25
73
73
19
99
45
26
13
74
54
12
47
100
52
92
97
17
54
82
32
100
88
97
93
45
46
66
8
69
33
87
7
60
39
26
9
34
97
1
68
14
54
66
25
78
50
88
90
17
12
81
57
46
87
42
51
46
25
94
91
26
25
92
14
15
20
95
19
1
29
29
38
61
73
38
63
31
98
8
63
68
83
51
51
81
78
63
96
30
89
34
60
4
32
85
92
6
5
50
2
18
63
61
74
85
80
38
8
62
27
20
76
71
34
55
27
92
36
74
32
24
28
96
95
23
67
52
18
15
77
83
89
83
62
86
84
31
7
84
82
23
36
5
30
77
84
89
4
42
65
91
28
33
80
29
43
17
77
15
35
52
73
23
56
58
80
21
72
57
53
35
87
45
76
69
19
30
68
56
1
4
33
45
49
61
100
18
92
80
95
54
9
42
1
69
85
54
86
29
24
8
37
73
15
81
32
7
75
61
58
40
74
25
97
52
91
97
99
45
74
29
52
66
87
82
65
94
29
3
41
66
5
27
77
25
60
72
5
42
87
100
18
34
95
84
66
57
46
49
48
61
94
50
61
53
60
81
11
48
44
68
96
8
91
66
84
71
74
75
99
29
40
49
41
54
76
84
21
52
83
24
74
85
86
29
45
29
3
61
92
15
36
50
50
66
20
98
66
92
4
69
19
78
72
76
20
45
71
49
92
32
45
3
39
85
9
35
25
21
43
36
43
74
46
18
71
27
50
68
93
21
76
8
32
74
34
73
35
72
17
51
44
45
30
18
99
26
58
62
90
59
48
80
81
61
24
70
48
20
34
8
42
88
71
90
95
92
41
54
78
99
26
80
56
17
35
41
26
55
39
8
12
51
44
40
76
13
10
25
13
28
11
42
83
73
71
55
37
39
52
42
21
28
84
58
84
31
30
35
99
74
96
76
10
84
29
56
49
68
34
86
41
37
81
92
22
24
52
37
91
82
9
40
22
80
74
91
44
44
20
64
53
36
10
68
52
24
85
46
85
68
61
23
35
17
2
82
99
21
54
26
75
2
71
23
64
71
35
87
91
40
71
55
58
59
64
74
40
34
29
50
10
19
41
21
36
65
65
8
87
26
2
60
63
90
54
57
66
30
32
100
78
58
28
61
36
94
30
45
78
9
63
73
82
57
28
37
71
74
20
21
97
43
50
85
47
93
51
96
32
24
81
87
54
16
94
59
63
42
27
44
35
97
80
87
55
41
23
39
19
12
93
100
90
84
42
22
97
13
91
1
19
62
14
3
63
78
59
85
20
11
83
20
3
77
82
96
2
6
37
30
51
33
52
76
19
61
49
22
20
28
49
92
88
80
52
88
4
7
55
21
92
3
44
90
17
55
15
99
59
75
91
19
34
42
1
91
64
80
74
75
91
39
40
61
86
12
52
2
72
1
100
43
9
42
74
95
16
66
89
27
79
61
26
61
85
94
80
25
24
71
40
70
22
61
89
97
34
77
71
29
1
60
11
54
48
29
42
81
38
91
70
89
30
92
38
5
79
79
69
59
23
47
35
88
48
85
4
94
36
64
40
52
90
72
70
51
21
40
12
36
69
9
52
77
8
45
84
12
38
46
10
1
9
100
10
95
14
87
30
43
14
80
38
88
46
27
76
89
32
26
31
94
32
62
83
65
98
91
59
30
60
18
52
7
96
23
39
51
17
37
5
82
99
85
5
84
23
34
28
56
87
70
14
87
15
33
71
87
45
23
34
14
45
7
29
60
31
51
92
42
36
64
39
9
69
7
73
51
73
93
38
60
54
56
9
44
56
79
49
53
7
34
24
84
98
9
22
62
26
75
42
67
11
20
94
46
62
30
52
65
47
31
32
86
45
50
71
2
79
48
84
64
76
3
25
98
26
81
66
44
48
59
69
34
20
49
47
60
23
34
26
56
92
57
19
67
89
100
9
8
19
96
82
39
69
93
43
16
9
59
51
83
78
42
62
37
49
46
39
35
93
23
4
55
77
32
3
100
68
50
77
9
3
100
66
51
49
81
75
61
67
89
29
54
18
26
88
60
52
5
35
85
93
64
16
67
11
7
51
37
57
100
39
61
28
82
40
52
74
32
18
51
68
73
4
3
2
38
29
89
97
17
73
22
64
1
64
62
49
41
60
65
17
64
97
71
6
72
41
81
56
74
19
64
67
3
55
55
44
7
27
7
91
41
78
49
26
37
4
85
89
3
97
45
73
66
25
42
100
38
34
31
95
84
66
35
8
36
40
21
47
11
12
39
42
69
71
90
97
86
19
53
67
58
28
92
1
20
84
96
75
46
64
6
60
2
100
74
11
96
77
100
31
9
52
19
90
62
37
13
68
20
74
95
49
86
64
41
86
32
34
45
59
29
80
66
60
77
42
30
18
12
44
46
68
93
22
3
74
28
85
2
60
53
32
12
30
12
98
30
46
2
71
100
36
5
100
27
52
23
79
13
23
59
53
56
18
11
84
60
78
40
53
54
15
6
30
30
99
93
83
91
26
83
51
45
82
69
71
48
20
80
93
40
48
92
81
23
93
21
84
39
39
6
16
92
49
70
59
48
23
41
15
31
54
89
36
22
20
4
23
92
77
71
70
86
54
48
29
67
83
70
64
39
42
65
41
91
71
11
51
46
11
69
16
53
50
82
78
96
13
72
76
80
30
36
50
56
5
83
26
94
41
89
95
28
16
31
93
64
71
42
80
68
85
20
100
55
90
84
70
40
31
3
98
32
9
48
5
19
9
93
24
96
26
64
100
21
34
44
80
90
91
87
6
88
20
86
66
50
46
7
66
49
53
57
96
24
7
65
8
15
53
27
64
99
13
48
77
62
55
73
16
71
15
68
67
79
47
82
18
83
46
85
28
42
57
44
41
84
73
13
5
64
93
14
89
70
60
89
9
87
87
35
39
12
50
38
92
89
94
100
51
24
6
51
71
27
23
54
16
55
16
65
27
88
52
76
35
84
8
34
4
69
61
69
98
25
49
6
95
5
79
5
27
83
20
85
42
36
44
60
9
99
54
69
1
72
22
34
21
24
32
13
3
92
16
38
43
24
53
34
28
24
62
2
12
56
3
98
75
71
14
20
46
97
1
20
13
46
35
32
20
59
33
42
94
17
3
20
40
53
31
81
54
33
15
82
53
67
58
74
79
44
24
94
3
74
86
5
95
6
17
80
4
41
53
69
49
86
99
73
80
99
11
94
71
20
72
37
13
54
93
33
93
68
43
59
84
86
46
46
64
42
1
61
3
93
50
67
64
14
50
80
18
5
16
94
14
61
69
3
48
72
42
2
76
22
15
85
95
2
18
55
51
64
81
25
91
88
45
13
42
21
91
38
66
15
8
89
17
7
41
5
15
94
77
73
98
97
99
27
20
37
83
51
57
90
51
46
54
70
33
81
71
6
40
53
43
78
69
80
33
62
26
32
34
44
42
15
60
88
7
29
96
69
34
71
32
95
46
89
95
82
17
46
56
97
56
46
54
72
33
75
63
75
84
29
39
98
9
69
25
72
70
46
82
83
70
53
70
99
60
23
1
78
25
50
68
2
3
54
57
2
26
77
25
60
46
40
1
90
27
32
47
12
45
90
62
26
3
89
26
51
99
20
40
38
37
66
8
84
40
73
8
98
59
42
2
37
9
69
22
72
36
61
50
47
84
69
6
29
2
3
20
75
87
75
21
30
11
88
87
20
51
71
90
82
25
3
59
2
52
94
50
64
33
2
70
52
86
69
33
25
75
90
10
61
22
48
100
18
94
86
49
92
47
60
62
100
89
52
90
1
99
15
77
41
31
11
93
25
27
98
59
46
99
38
3
11
33
16
48
47
75
89
99
73
43
68
90
33
44
59
36
79
1
74
55
8
98
91
79
69
56
51
10
90
6
51
36
41
72
16
58
100
2
40
80
25
79
27
11
63
38
61
35
18
97
40
88
23
10
67
35
8
12
33
55
37
31
74
91
50
45
94
37
70
55
99
30
71
36
9
73
7
56
47
35
55
84
10
82
19
11
12
50
84
41
1
81
61
39
34
43
89
37
61
14
9
82
53
17
97
80
20
98
34
10
26
50
77
55
84
78
23
8
86
7
53
63
1
74
26
55
34
14
98
33
41
100
62
88
42
31
67
63
55
60
79
81
32
65
78
89
88
94
80
41
31
50
98
12
8
59
91
87
48
57
95
76
80
33
75
56
56
76
34
83
31
86
47
57
59
42
59
4
82
79
39
95
86
75
7
28
4
12
40
94
98
34
15
52
98
82
99
60
11
62
62
8
41
26
37
99
23
17
17
57
74
47
15
24
32
89
67
34
66
53
95
83
68
47
58
12
100
60
15
88
63
27
95
10
25
73
60
51
5
17
22
79
17
9
9
66
76
47
57
14
74
68
76
98
100
4
76
87
80
19
69
51
48
31
16
61
10
9
15
51
73
97
55
48
4
52
45
28
67
9
28
87
81
97
76
34
31
72
13
16
84
15
53
58
64
55
96
56
73
43
26
22
40
62
86
67
1
22
9
36
42
23
67
82
90
17
19
25
20
99
68
3
85
28
45
39
86
42
54
59
11
77
8
30
100
71
80
60
63
11
88
3
14
90
54
2
25
60
76
17
28
47
82
84
100
31
93
79
97
57
23
91
17
32
63
80
53
60
69
59
76
42
10
70
89
37
77
71
51
66
6
95
52
57
85
27
77
39
87
23
50
89
82
86
56
67
49
3
62
79
15
41
51
14
81
93
25
48
21
24
70
67
64
15
50
71
29
89
17
49
5
95
24
77
38
40
15
98
21
95
3
40
44
100
58
82
87
67
93
53
74
47
73
35
77
75
36
60
90
94
82
24
86
24
79
17
91
35
46
61
88
84
36
28
46
80
93
54
32
38
35
7
76
22
78
60
85
99
9
75
57
25
30
5
77
64
96
54
24
33
77
29
16
65
59
30
91
24
53
47
6
70
82
18
26
14
3
38
79
87
48
50
55
29
62
100
98
90
27
24
24
43
65
38
51
45
28
12
35
67
74
49
46
13
2
21
28
97
94
68
87
57
51
94
43
1
93
75
74
59
9
83
48
87
58
78
100
80
82
41
64
1
93
5
76
94
19
54
36
75
75
95
66
27
18
24
30
4
59
36
75
1
80
77
34
95
100
46
8
96
48
15
52
81
7
100
66
43
33
97
82
80
70
77
72
5
95
5
99
65
47
22
81
76
21
24
74
37
6
64
13
24
79
56
18
93
71
96
55
55
22
15
77
12
67
37
15
78
57
15
54
72
67
16
20
23
98
41
7
27
92
59
2
17
6
70
50
60
84
79
63
57
35
5
74
28
31
64
91
83
54
3
87
63
3
13
98
42
68
3
77
5
90
70
73
40
35
11
56
49
84
7
78
55
76
30
89
77
88
39
10
95
76
78
23
27
89
97
91
32
40
68
23
22
73
41
31
18
34
39
77
72
63
95
83
77
10
20
40
55
99
72
31
68
94
60
83
53
42
45
72
18
64
17
88
14
7
34
62
35
21
65
9
16
12
88
66
54
96
25
75
85
25
92
82
82
20
90
19
52
88
26
68
20
2
72
18
13
69
34
24
43
96
94
53
34
18
32
44
90
43
97
56
88
62
99
22
68
94
97
47
83
43
53
79
57
21
32
86
91
3
96
54
33
26
87
81
49
47
59
57
12
87
45
71
9
88
75
25
39
73
68
32
9
31
76
53
14
55
40
92
67
59
87
17
9
94
79
99
39
69
65
43
79
45
51
39
40
16
65
13
25
66
21
92
73
87
63
35
39
20
76
3
30
3
23
31
97
62
41
51
37
51
49
41
7
36
90
83
15
41
38
36
53
31
96
64
98
19
16
44
4
47
84
37
31
63
26
81
53
84
13
66
92
67
72
18
68
49
94
94
64
92
96
25
18
17
71
41
24
88
67
67
98
88
84
88
93
39
58
17
58
25
4
50
92
100
81
29
71
17
72
86
38
49
61
27
17
65
41
8
96
70
62
64
50
82
75
64
36
88
86
71
77
19
17
15
5
99
54
72
30
59
30
16
1
61
29
72
27
92
72
33
76
97
69
14
91
28
89
79
74
36
81
14
69
11
35
75
28
31
30
95
84
7
37
64
46
72
72
52
92
56
63
2
54
37
45
60
6
1
71
20
86
69
26
5
45
3
67
75
59
79
12
58
4
56
65
88
72
6
78
66
14
50
7
89
11
50
35
9
33
47
92
99
59
74
77
22
8
36
99
6
70
31
12
15
46
67
58
84
75
25
96
51
74
64
18
50
52
37
41
68
51
99
100
76
29
29
53
81
27
87
28
68
49
78
20
85
98
81
43
42
53
37
70
10
41
23
64
4
62
95
47
34
74
44
56
84
93
100
39
44
67
45
90
44
67
42
66
59
61
64
43
66
32
20
73
52
14
98
92
29
39
62
11
6
14
67
100
9
92
62
47
74
3
34
76
9
50
39
77
91
70
25
50
21
70
35
58
91
37
96
89
78
59
55
52
94
36
2
93
30
12
78
82
19
22
53
81
77
85
31
60
72
23
13
96
75
39
74
32
88
4
55
12
57
42
34
90
35
5
33
70
68
91
46
93
94
37
73
55
19
17
16
98
72
88
41
59
7
60
16
56
17
72
76
81
60
71
21
72
4
80
1
49
54
100
15
57
15
63
66
2
85
71
65
35
32
22
48
26
57
21
4
94
9
55
89
84
15
61
13
28
17
85
26
25
2
13
53
99
17
58
64
37
84
95
58
73
31
55
91
70
17
52
76
6
41
38
8
12
95
85
57
19
86
14
69
68
86
90
13
85
58
33
20
48
74
37
13
29
32
79
95
50
16
86
53
35
6
90
32
74
45
98
83
76
9
68
36
21
39
90
40
64
14
100
26
31
40
41
98
83
95
85
27
84
30
74
69
1
29
41
10
57
44
49
56
88
10
74
38
19
80
52
54
11
57
40
84
41
71
21
66
85
16
95
18
58
91
81
11
31
36
11
75
41
50
3
13
1
38
59
76
52
17
31
89
75
5
40
18
37
61
37
5
35
11
21
63
39
63
53
1
4
81
83
36
59
41
62
8
21
64
6
73
18
15
97
99
8
14
1
89
67
75
90
60
39
1
13
37
2
30
52
36
79
10
97
27
28
26
39
75
47
75
85
23
53
51
69
56
47
84
49
65
88
10
19
37
95
66
57
30
27
72
27
30
29
90
36
86
2
8
81
45
34
91
20
99
45
83
20
84
100
31
33
36
7
65
69
20
32
56
74
70
82
39
59
33
33
3
56
72
70
68
100
71
77
36
22
88
57
55
84
13
27
12
72
40
46
8
47
44
94
99
78
90
1
54
10
49
13
87
49
21
40
20
21
24
95
46
48
66
63
64
56
1
74
30
94
35
59
42
23
44
10
49
17
87
97
32
13
19
51
67
67
13
67
8
77
65
78
63
19
14
28
11
76
70
64
50
68
13
100
26
56
35
41
23
37
30
68
30
80
67
71
7
100
85
90
42
29
34
56
62
18
61
56
74
23
13
39
100
85
10
79
57
97
23
85
10
65
51
13
54
62
51
15
76
78
30
44
100
2
94
21
70
71
66
85
9
85
68
90
8
8
49
3
75
62
56
45
51
1
69
46
83
85
12
66
1
58
93
43
66
40
25
2
15
15
53
51
74
22
40
66
22
36
82
65
29
84
81
22
84
19
81
43
41
12
50
82
94
84
42
22
66
84
44
35
18
18
53
89
55
26
83
92
42
46
74
50
66
14
94
95
77
94
27
60
27
33
28
69
75
52
28
44
38
40
28
83
11
63
57
55
31
29
55
28
48
95
13
20
10
47
47
13
61
95
60
10
34
99
11
72
56
95
2
43
49
56
61
79
77
98
33
23
99
94
87
26
68
55
15
29
48
5
84
93
13
61
18
46
78
33
78
40
20
77
84
63
1
99
83
89
81
33
51
4
89
61
67
16
40
55
31
93
70
62
67
6
32
53
21
47
22
99
46
39
24
14
57
85
87
8
94
4
55
25
38
37
11
18
24
9
31
61
39
19
45
43
20
84
8
67
14
49
92
4
64
78
26
97
28
24
1
37
57
93
30
48
9
19
36
32
24
63
70
84
100
29
60
47
51
58
41
58
24
23
66
84
77
88
48
41
25
25
67
78
51
1
100
90
94
39
91
32
68
3
66
70
67
99
34
67
27
43
18
52
6
62
10
80
4
19
99
83
96
43
8
32
28
60
14
90
81
87
46
26
81
15
13
42
56
58
11
28
26
1
49
23
8
14
67
13
6
89
71
52
15
78
47
85
88
60
63
95
2
7
57
97
17
22
82
83
81
32
79
48
51
58
87
94
13
78
7
20
38
69
78
17
94
24
41
74
90
71
24
95
36
12
2
83
85
10
8
65
6
31
17
9
24
73
61
8
42
87
16
60
98
51
18
94
38
86
74
90
83
58
6
66
56
92
25
22
83
78
99
92
30
7
29
59
34
69
9
19
23
90
27
57
84
55
5
3
16
70
68
3
49
64
46
30
80
47
94
30
100
99
26
38
36
60
70
67
90
73
22
82
57
73
54
78
65
59
5
59
15
47
54
25
2
14
89
59
51
77
71
47
12
47
11
69
98
59
41
96
59
35
60
6
45
56
11
55
99
42
61
22
70
2
97
57
72
97
95
75
34
28
88
99
73
10
24
70
20
21
80
39
82
39
11
11
55
9
44
19
34
90
39
48
39
98
97
18
58
26
51
52
32
41
90
73
86
3
39
82
20
54
35
6
53
20
77
17
64
57
97
15
41
77
52
37
67
28
47
79
97
4
46
24
77
18
23
68
57
2
97
49
97
31
68
63
39
64
61
76
52
51
24
32
26
46
36
67
70
54
66
41
29
12
87
2
29
39
52
9
62
57
81
90
27
53
13
47
32
15
67
77
77
45
32
13
69
19
53
27
43
47
29
85
20
83
62
64
26
87
30
58
80
7
77
22
92
77
3
15
97
72
33
51
23
56
82
32
82
44
46
34
23
58
21
34
79
28
73
17
35
22
72
25
13
94
7
47
21
54
57
49
43
39
76
31
91
72
56
43
51
22
40
4
22
92
92
14
17
34
51
95
72
6
65
71
94
76
22
71
2
3
36
70
55
47
37
73
97
61
73
40
96
94
56
70
66
27
86
42
85
4
76
78
99
53
73
94
42
19
48
24
31
77
62
25
13
32
2
40
52
83
78
98
1
83
50
52
15
21
43
34
58
43
90
82
9
38
80
89
34
6
83
18
34
22
86
29
27
65
70
77
63
69
60
100
53
78
22
87
77
62
71
34
21
99
3
3
89
33
68
31
51
82
47
4
16
58
26
45
35
6
83
11
67
57
95
54
37
43
32
58
34
55
95
76
99
33
99
89
93
64
39
99
14
75
74
57
68
52
70
47
13
67
68
54
20
43
62
28
56
3
2
13
45
91
56
1
54
61
57
39
28
22
52
77
17
22
52
91
96
91
79
71
52
38
41
64
5
71
85
83
57
73
51
4
39
41
97
8
47
88
78
22
82
81
55
53
30
28
41
82
57
29
91
60
73
10
79
45
91
41
3
7
51
4
75
49
77
67
76
26
28
4
32
33
66
45
47
81
57
15
7
94
99
90
52
38
94
3
59
6
52
57
50
19
77
91
90
57
27
11
55
12
91
61
42
11
40
33
45
92
7
100
97
45
86
60
18
74
83
94
27
81
91
37
92
74
39
11
41
5
16
40
81
52
74
61
89
44
44
39
10
20
49
9
68
5
70
33
69
69
95
41
40
18
44
43
93
58
90
27
55
40
18
36
14
43
88
81
48
62
77
95
86
91
37
71
16
13
63
15
67
72
17
23
69
7
84
69
69
15
34
2
22
76
18
1
60
87
17
85
84
62
50
2
22
81
28
3
75
75
36
43
36
90
66
15
51
43
17
81
94
36
89
27
24
33
40
66
72
70
3
1
52
7
75
63
43
45
76
80
92
46
100
24
56
61
41
61
19
55
29
39
31
57
42
73
90
17
45
39
10
22
4
2
45
96
23
64
19
44
20
68
53
59
28
66
24
54
20
80
31
100
13
23
9
74
10
76
50
92
65
98
36
18
55
87
98
79
36
41
62
17
54
81
51
74
51
90
51
92
11
97
27
8
5
35
99
14
12
74
61
83
43
92
74
91
92
26
11
13
17
24
23
38
42
35
50
27
42
69
30
68
81
53
40
35
40
89
86
92
66
48
48
88
91
38
19
98
2
35
17
24
15
17
6
83
82
100
73
81
18
53
22
56
17
48
7
33
37
12
18
59
58
85
56
1
22
64
93
89
17
25
81
41
5
52
89
47
39
78
51
72
2
4
53
80
62
66
75
14
66
81
10
84
37
24
95
6
91
62
41
78
9
90
66
33
82
9
57
71
82
32
54
66
60
90
90
12
25
5
70
27
84
84
59
56
20
11
91
23
68
13
53
38
24
81
17
79
30
99
55
31
86
79
98
88
5
23
60
67
46
59
62
16
76
39
88
57
21
77
96
89
10
87
37
5
12
21
52
3
63
11
68
18
5
95
56
62
13
57
62
65
54
80
52
3
83
5
75
40
87
45
37
47
81
15
39
98
42
89
28
92
96
17
15
10
15
8
93
84
14
66
69
94
37
60
68
44
8
53
62
25
73
77
20
85
86
10
69
13
89
93
33
100
49
26
27
71
69
37
20
53
42
83
78
7
22
47
78
4
5
5
3
51
45
83
54
86
56
91
21
64
13
1
4
